2,2E-05
3,2E-05
3,1E-05
3,2E-05
3,1E-05
3E-05
3,2E-05
3,1E-05
2,9E-05
3E-05
2,9E-05
3,1E-05
3,1E-05
3,2E-05
3,2E-05
3,4E-05
3,8E-05
3,1E-05
2,9E-05
3E-05
3E-05
5,2E-05
3,9E-05
3,1E-05
3E-05
2,9E-05
3,2E-05
3,7E-05
3,1E-05
3,6E-05
3,1E-05
3,2E-05
3E-05
3E-05
2,9E-05
3,1E-05
3,1E-05
3E-05
3,1E-05
3E-05
2,9E-05
3,1E-05
3E-05
3,1E-05
3E-05
3,2E-05
3,1E-05
3,4E-05
3E-05
3,4E-05
3,2E-05
3,2E-05
3E-05
3E-05
3E-05
3,5E-05
3,2E-05
3E-05
3,1E-05
2,9E-05
3,1E-05
3,1E-05
5,3E-05
4,7E-05
3,1E-05
4,4E-05
3,6E-05
3E-05
3,2E-05
3E-05
3,4E-05
3,3E-05
2,9E-05
2,9E-05
2,9E-05
3,2E-05
3,3E-05
6E-05
3E-05
2,9E-05
3,1E-05
3E-05
2,9E-05
2,9E-05
3,1E-05
6,4E-05
3E-05
3,4E-05
2,9E-05
3E-05
3,1E-05
3E-05
2,9E-05
3E-05
3E-05
3E-05
2,9E-05
3E-05
2,9E-05
2,9E-05
2,9E-05
3E-05
2,9E-05
4,2E-05
7,8E-05
3,4E-05
3,1E-05
3,2E-05
3E-05
3,3E-05
3,2E-05
3,1E-05
3,2E-05
3,1E-05
3,1E-05
3E-05
2,9E-05
3,3E-05
3,1E-05
3E-05
3E-05
3E-05
3E-05
3E-05
3E-05
3,4E-05
3,1E-05
3E-05
3,3E-05
3,1E-05
3,3E-05
2,9E-05
3E-05
3,4E-05
3,5E-05
3,2E-05
3E-05
3,2E-05
3E-05
3E-05
3,1E-05
3E-05
3,3E-05
3,1E-05
5E-05
3,4E-05
3,2E-05
3,3E-05
3E-05
3E-05
3,1E-05
3E-05
3,1E-05
3E-05
3,3E-05
3,1E-05
3E-05
3E-05
3,2E-05
3,1E-05
3,1E-05
3E-05
3E-05
3E-05
3E-05
2,9E-05
3,2E-05
3E-05
2,9E-05
2,9E-05
2,9E-05
2,9E-05
3E-05
2,8E-05
3,1E-05
3E-05
2,9E-05
2,9E-05
3E-05
3,1E-05
3E-05
2,9E-05
3,7E-05
3E-05
2,9E-05
4,7E-05
3,4E-05
3,2E-05
3E-05
2,9E-05
3,4E-05
3,1E-05
3E-05
3E-05
2,9E-05
2,9E-05
3,3E-05
3,2E-05
3E-05
3,1E-05
3E-05
2,9E-05
3E-05
2,9E-05
2,9E-05
2,9E-05
3E-05
3,1E-05
3E-05
3E-05
2,9E-05
2,9E-05
2,9E-05
2,9E-05
2,9E-05
3,1E-05
2,9E-05
3,9E-05
2,9E-05
3E-05
2,9E-05
3,1E-05
3E-05
3E-05
3E-05
4,7E-05
4,5E-05
3,3E-05
3E-05
3,4E-05
3,1E-05
3,3E-05
3,1E-05
3,1E-05
3,1E-05
3E-05
3E-05
3,4E-05
3,2E-05
4E-05
3E-05
3,1E-05
3,1E-05
3,5E-05
2,9E-05
3E-05
3,2E-05
3,5E-05
3,1E-05
3,5E-05
2,9E-05
2,9E-05
2,9E-05
2,9E-05
3E-05
2,9E-05
3,1E-05
3,2E-05
3E-05
3E-05
3E-05
2,9E-05
2,9E-05
2,9E-05
3,1E-05
3E-05
4,9E-05
3,8E-05
3,1E-05
3E-05
3E-05
3E-05
3E-05
3,7E-05
3E-05
3E-05
3,1E-05
3,1E-05
3E-05
3E-05
3E-05
3E-05
3,1E-05
3E-05
3E-05
3E-05
3E-05
3E-05
3,2E-05
3E-05
3E-05
2,9E-05
3E-05
2,9E-05
2,9E-05
3E-05
3,1E-05
3E-05
3E-05
3E-05
3E-05
3E-05
3E-05
3E-05
3E-05
2,9E-05
3E-05
5,4E-05
3,6E-05
3E-05
3E-05
3E-05
3,1E-05
3,1E-05
3,1E-05
3E-05
3E-05
3E-05
3,5E-05
3,2E-05
3E-05
3,1E-05
3,1E-05
3E-05
3E-05
3E-05
3E-05
3E-05
3E-05
3,2E-05
3,4E-05
3,2E-05
3,1E-05
3E-05
3E-05
3E-05
3E-05
3,1E-05
3E-05
3E-05
3E-05
3E-05
3,1E-05
3,1E-05
3E-05
3E-05
3E-05
3E-05
4,8E-05
3,5E-05
3E-05
3E-05
3E-05
3,2E-05
3,1E-05
3,2E-05
3E-05
3E-05
3E-05
3E-05
3E-05
3,5E-05
3,3E-05
3,1E-05
3E-05
3E-05
3E-05
3E-05
3E-05
2,9E-05
3E-05
3E-05
3E-05
3E-05
3E-05
3E-05
3E-05
2,9E-05
3E-05
3E-05
3E-05
3E-05
3E-05
2,9E-05
3E-05
2,9E-05
3,2E-05
3E-05
5,3E-05
3,8E-05
3,2E-05
3E-05
3,1E-05
3,1E-05
4,3E-05
6,8E-05
3,3E-05
3E-05
3E-05
3E-05
2,9E-05
2,9E-05
3E-05
2,9E-05
3,3E-05
3,1E-05
2,9E-05
3,3E-05
3E-05
3E-05
3E-05
2,9E-05
3E-05
2,9E-05
2,9E-05
2,9E-05
2,9E-05
2,9E-05
3,1E-05
2,9E-05
2,9E-05
2,9E-05
2,9E-05
2,9E-05
2,9E-05
2,9E-05
2,9E-05
3E-05
2,9E-05
5,5E-05
3,5E-05
3,1E-05
2,9E-05
3,2E-05
3E-05
3,1E-05
3,1E-05
3,4E-05
3,1E-05
3,4E-05
3E-05
3,1E-05
3E-05
3,1E-05
3,1E-05
3E-05
3,4E-05
6,2E-05
6,1E-05
5,9E-05
6E-05
6,2E-05
6,8E-05
5,9E-05
6E-05
6E-05
5,9E-05
6E-05
5,9E-05
6,1E-05
6,1E-05
5,9E-05
6E-05
6E-05
6E-05
5,9E-05
6E-05
6,4E-05
6E-05
6E-05
8,8E-05
6,6E-05
6E-05
6,7E-05
6E-05
5,9E-05
6,1E-05
6E-05
6E-05
6,5E-05
6E-05
5,9E-05
6E-05
3,1E-05
6,3E-05
6,1E-05
6E-05
6E-05
6,1E-05
6,4E-05
6E-05
6E-05
6,2E-05
6,1E-05
6E-05
6E-05
6E-05
6E-05
6E-05
5,9E-05
6,1E-05
6,1E-05
6E-05
5,9E-05
5,9E-05
5,9E-05
6E-05
5,8E-05
6,5E-05
6E-05
6E-05
8E-05
6,8E-05
6,4E-05
6,3E-05
6E-05
6,4E-05
6,1E-05
7E-05
6E-05
6E-05
6E-05
6E-05
6E-05
6,3E-05
6,1E-05
6E-05
6,4E-05
6E-05
7,4E-05
0,000116
6,5E-05
6,3E-05
6,1E-05
6,1E-05
6,1E-05
6E-05
6E-05
6,1E-05
6E-05
6E-05
5,9E-05
6E-05
6E-05
6E-05
6E-05
6,1E-05
6E-05
5,9E-05
6,1E-05
6E-05
8,4E-05
6,9E-05
6,1E-05
6,2E-05
6E-05
6E-05
6E-05
6E-05
6E-05
6E-05
6E-05
5,9E-05
6,1E-05
6,1E-05
6,1E-05
6E-05
5,9E-05
6E-05
6E-05
6E-05
7,2E-05
6,6E-05
6,8E-05
6E-05
6E-05
6E-05
5,9E-05
6E-05
6,2E-05
6,1E-05
6,4E-05
7,4E-05
6,3E-05
6E-05
6E-05
5,9E-05
5,9E-05
6E-05
6E-05
5,9E-05
6E-05
8,4E-05
6,6E-05
6,1E-05
5,9E-05
6,2E-05
6,4E-05
6,1E-05
6,2E-05
6E-05
6E-05
6E-05
5,9E-05
6,3E-05
6E-05
6,2E-05
6,3E-05
6E-05
6,5E-05
6E-05
6,1E-05
6E-05
6,1E-05
6,6E-05
6E-05
6,1E-05
6E-05
6E-05
6E-05
5,9E-05
6,3E-05
6,3E-05
6E-05
5,9E-05
6,3E-05
6E-05
6,2E-05
6E-05
5,9E-05
6E-05
6E-05
5,9E-05
7,4E-05
6,5E-05
3,2E-05
6E-05
6,3E-05
6,1E-05
6,1E-05
6,1E-05
6E-05
5,9E-05
6E-05
6E-05
3,1E-05
6,1E-05
6,2E-05
6,1E-05
6E-05
6E-05
5,9E-05
6E-05
6E-05
6E-05
6E-05
6E-05
6E-05
6E-05
6E-05
6,6E-05
6,5E-05
6,3E-05
5,9E-05
6E-05
6E-05
5,9E-05
6E-05
5,9E-05
6E-05
6,4E-05
6E-05
6E-05
7,3E-05
7,3E-05
6,2E-05
6E-05
6E-05
6E-05
6,8E-05
6,1E-05
6E-05
5,9E-05
6,1E-05
5,9E-05
6E-05
6E-05
6,2E-05
6,2E-05
6,1E-05
6,1E-05
6,1E-05
6E-05
6E-05
6E-05
6,3E-05
5,9E-05
6E-05
5,9E-05
5,9E-05
5,9E-05
3,2E-05
6,3E-05
6E-05
5,9E-05
6E-05
5,9E-05
5,9E-05
6E-05
5,9E-05
6,4E-05
5,8E-05
6,3E-05
6E-05
7,4E-05
4,1E-05
6,2E-05
6,1E-05
6E-05
6,2E-05
6,1E-05
6,5E-05
6,1E-05
5,9E-05
6,1E-05
5,9E-05
6E-05
6E-05
6E-05
6E-05
6,3E-05
6E-05
6,3E-05
6E-05
6E-05
6E-05
6E-05
6E-05
6E-05
5,9E-05
6E-05
6E-05
6E-05
6E-05
6,1E-05
6E-05
6E-05
5,9E-05
5,9E-05
6E-05
6E-05
6E-05
5,9E-05
6E-05
6E-05
7,8E-05
6,5E-05
6E-05
6E-05
6E-05
5,9E-05
6E-05
6E-05
6,2E-05
6,5E-05
6,6E-05
5,9E-05
6,1E-05
6E-05
6,4E-05
6,1E-05
3,2E-05
6E-05
6,1E-05
5,9E-05
6E-05
6E-05
6,1E-05
6E-05
6E-05
6,1E-05
6E-05
5,9E-05
6E-05
5,9E-05
7,3E-05
7,4E-05
6,3E-05
6,2E-05
6,2E-05
5,9E-05
6,2E-05
6E-05
6,5E-05
6,2E-05
6,1E-05
7,3E-05
6,8E-05
6E-05
6E-05
6,1E-05
6,2E-05
6,1E-05
6,3E-05
6E-05
6,1E-05
6,5E-05
6,1E-05
5,9E-05
6,3E-05
6,2E-05
7,1E-05
6E-05
6,5E-05
6E-05
6,3E-05
6E-05
6,1E-05
7,5E-05
6,7E-05
6,1E-05
6,6E-05
6,1E-05
5,9E-05
6,1E-05
5,9E-05
6,1E-05
6,1E-05
6,1E-05
3E-05
6,1E-05
6E-05
6,1E-05
6,2E-05
6,1E-05
6,3E-05
7,7E-05
7,2E-05
6,2E-05
6,1E-05
6,1E-05
6E-05
6,2E-05
6,2E-05
6E-05
6E-05
6,5E-05
6,6E-05
6,5E-05
6E-05
6,4E-05
6,1E-05
6E-05
6,4E-05
6E-05
7,2E-05
6,1E-05
6E-05
6,3E-05
6,1E-05
7,1E-05
6E-05
5,9E-05
6E-05
6E-05
6E-05
6,2E-05
6,1E-05
6,1E-05
6E-05
5,9E-05
6E-05
6E-05
3,2E-05
5,9E-05
6,1E-05
6E-05
8E-05
6,6E-05
6,1E-05
6,2E-05
6,1E-05
6E-05
6,2E-05
6,1E-05
6E-05
6E-05
6E-05
6,1E-05
6,6E-05
6,5E-05
6,2E-05
6,1E-05
5,9E-05
6E-05
6E-05
5,9E-05
6,1E-05
5,9E-05
6,1E-05
6,1E-05
6E-05
6E-05
5,9E-05
6E-05
6E-05
5,9E-05
6,4E-05
6,1E-05
6E-05
6E-05
6E-05
6E-05
6,1E-05
6E-05
6,3E-05
6,1E-05
6E-05
7,7E-05
6,5E-05
6,4E-05
6,5E-05
6,4E-05
6,4E-05
6,4E-05
6,5E-05
6,3E-05
5,9E-05
6,2E-05
6E-05
6,2E-05
6,5E-05
6,2E-05
6,1E-05
5,9E-05
6,1E-05
6,8E-05
6E-05
6E-05
5,9E-05
6,1E-05
6E-05
6E-05
5,9E-05
3,2E-05
6E-05
6,1E-05
6E-05
6,1E-05
6E-05
6,3E-05
6E-05
6E-05
3,1E-05
6E-05
5,9E-05
6,1E-05
6,1E-05
7,7E-05
7,1E-05
6,1E-05
6E-05
6E-05
6E-05
6,2E-05
6,1E-05
6,1E-05
6E-05
6E-05
6E-05
6E-05
6,4E-05
7E-05
6E-05
6,1E-05
6E-05
5,9E-05
6E-05
5,9E-05
6,3E-05
6,1E-05
6E-05
6E-05
6E-05
6E-05
6E-05
4,8E-05
2,6E-05
3,2E-05
4E-05
3,5E-05
3E-05
2,9E-05
3E-05
3E-05
3E-05
3,1E-05
2,9E-05
3E-05
2,9E-05
2,9E-05
2,9E-05
3,3E-05
3,1E-05
3,2E-05
3,1E-05
3E-05
5,9E-05
3,7E-05
2,9E-05
3E-05
3E-05
3E-05
3E-05
2,9E-05
2,9E-05
2,9E-05
2,9E-05
2,9E-05
2,9E-05
2,9E-05
3,1E-05
3E-05
2,9E-05
2,9E-05
2,9E-05
2,9E-05
2,9E-05
2,9E-05
3,1E-05
3,1E-05
3E-05
3E-05
3,3E-05
2,9E-05
3E-05
2,9E-05
3,1E-05
3E-05
3E-05
2,9E-05
2,9E-05
3E-05
3E-05
3E-05
2,9E-05
3,4E-05
3,1E-05
5,4E-05
3,5E-05
3,5E-05
3E-05
3E-05
2,9E-05
3,1E-05
3E-05
2,9E-05
2,9E-05
2,9E-05
3E-05
3E-05
3,1E-05
3E-05
3,2E-05
3,1E-05
3,1E-05
3E-05
3E-05
2,9E-05
3,3E-05
3E-05
3,2E-05
3E-05
3,4E-05
2,9E-05
3E-05
2,9E-05
2,9E-05
3E-05
2,9E-05
2,9E-05
3,1E-05
3E-05
3E-05
3,1E-05
3E-05
3E-05
3E-05
3E-05
5,5E-05
3,6E-05
3,1E-05
3E-05
3E-05
3,3E-05
3E-05
3,2E-05
3,1E-05
3E-05
3E-05
3E-05
3E-05
3E-05
2,9E-05
3E-05
3E-05
2,9E-05
3E-05
2,9E-05
3E-05
2,9E-05
2,9E-05
2,9E-05
3E-05
3E-05
3E-05
3E-05
3E-05
2,9E-05
3E-05
2,9E-05
3E-05
3E-05
2,9E-05
2,9E-05
2,9E-05
2,9E-05
3E-05
2,9E-05
3E-05
4,9E-05
3,5E-05
3E-05
3E-05
3E-05
3E-05
2,9E-05
3E-05
3,3E-05
3,2E-05
3E-05
3E-05
3E-05
3E-05
3,1E-05
3E-05
2,9E-05
2,9E-05
2,9E-05
2,9E-05
2,9E-05
3E-05
2,9E-05
2,9E-05
3E-05
3,1E-05
3E-05
3E-05
3,1E-05
2,9E-05
3E-05
2,9E-05
3,1E-05
2,9E-05
3,3E-05
3E-05
3,3E-05
3,1E-05
3E-05
3E-05
3E-05
4,6E-05
3,4E-05
3E-05
2,9E-05
2,9E-05
3E-05
2,9E-05
2,9E-05
3,2E-05
3,1E-05
3E-05
2,9E-05
3E-05
3,1E-05
3E-05
3E-05
3E-05
2,9E-05
2,9E-05
2,9E-05
3E-05
3E-05
2,9E-05
3E-05
2,9E-05
2,9E-05
2,9E-05
2,9E-05
2,9E-05
2,9E-05
2,9E-05
2,9E-05
3E-05
3,1E-05
3E-05
3E-05
2,9E-05
2,9E-05
2,9E-05
2,9E-05
4,5E-05
3,9E-05
6,5E-05
6,2E-05
5,9E-05
6E-05
6E-05
6E-05
6E-05
6E-05
6,1E-05
6E-05
6E-05
5,9E-05
6,2E-05
6,1E-05
5,9E-05
6E-05
6E-05
5,9E-05
6E-05
6E-05
6E-05
6E-05
6,8E-05
5,9E-05
6E-05
6E-05
5,9E-05
5,9E-05
6E-05
5,9E-05
6E-05
6,3E-05
6,3E-05
5,9E-05
6,2E-05
6E-05
6,1E-05
6E-05
5,9E-05
7,7E-05
6,5E-05
6,3E-05
6,1E-05
6,4E-05
6E-05
6E-05
6E-05
6,1E-05
6E-05
6E-05
6,1E-05
6,1E-05
6,4E-05
6E-05
6,3E-05
6E-05
6E-05
6E-05
6E-05
6E-05
5,9E-05
6E-05
6E-05
5,9E-05
6E-05
6E-05
6E-05
6E-05
5,9E-05
6,2E-05
6E-05
6E-05
5,9E-05
6E-05
6E-05
6E-05
6E-05
6,5E-05
6E-05
6E-05
8E-05
6,4E-05
5,9E-05
6,2E-05
6,6E-05
6,6E-05
6E-05
6E-05
6E-05
5,9E-05
6E-05
6,3E-05
6,2E-05
6E-05
6,1E-05
6E-05
6E-05
6E-05
6E-05
6E-05
5,9E-05
6E-05
5,9E-05
6E-05
6E-05
6E-05
5,9E-05
6E-05
6E-05
6E-05
6E-05
6E-05
5,9E-05
6E-05
6E-05
6E-05
6E-05
6E-05
6E-05
5,9E-05
7,6E-05
6,7E-05
6E-05
6E-05
6,3E-05
6E-05
6,4E-05
6E-05
6E-05
6,1E-05
6E-05
6,4E-05
6E-05
6,5E-05
6,5E-05
6E-05
6E-05
5,9E-05
6E-05
6E-05
6,8E-05
6,3E-05
6E-05
6,1E-05
6E-05
5,9E-05
6E-05
6E-05
6E-05
6E-05
6E-05
6E-05
6E-05
6E-05
6E-05
6E-05
5,9E-05
5,9E-05
5,9E-05
6,4E-05
6,7E-05
8,2E-05
6,5E-05
6E-05
6E-05
5,9E-05
6E-05
6,2E-05
6,8E-05
6E-05
5,9E-05
6E-05
6E-05
6,1E-05
5,9E-05
6,1E-05
6,1E-05
6E-05
5,9E-05
6E-05
6E-05
5,9E-05
3,2E-05
6,3E-05
6E-05
6E-05
6E-05
6,8E-05
5,9E-05
5,9E-05
5,9E-05
6,4E-05
6E-05
6E-05
5,9E-05
3,1E-05
6E-05
6E-05
6,7E-05
6E-05
6E-05
6E-05
7,6E-05
6,5E-05
6E-05
6,1E-05
6E-05
6E-05
7,6E-05
6E-05
6E-05
5,9E-05
6E-05
6E-05
6E-05
6E-05
5,9E-05
6E-05
5,9E-05
5,9E-05
6,4E-05
6E-05
6E-05
5,8E-05
6,1E-05
6E-05
6,3E-05
6E-05
6E-05
6E-05
5,9E-05
3,1E-05
6E-05
6E-05
6E-05
5,9E-05
6,4E-05
6E-05
6,2E-05
6E-05
6,4E-05
5,9E-05
6E-05
7,7E-05
6,5E-05
6E-05
6E-05
5,9E-05
6E-05
6E-05
6,2E-05
6,1E-05
6,1E-05
6E-05
6,4E-05
6,1E-05
6E-05
6E-05
6,2E-05
6E-05
6,1E-05
6,1E-05
6E-05
5,9E-05
6E-05
5,9E-05
6,8E-05
6,2E-05
6,1E-05
6E-05
6E-05
6E-05
6E-05
5,9E-05
6E-05
6,1E-05
6,1E-05
6E-05
5,9E-05
6,1E-05
6E-05
6E-05
6E-05
8,9E-05
7,4E-05
6,2E-05
6E-05
6,3E-05
6E-05
6E-05
6,1E-05
5,9E-05
6,1E-05
6E-05
6E-05
6,1E-05
6E-05
6E-05
6E-05
5,9E-05
6E-05
6,4E-05
6E-05
6,1E-05
6E-05
6E-05
6E-05
5,9E-05
6,3E-05
6E-05
6E-05
6,3E-05
5,9E-05
6E-05
6E-05
3,1E-05
5,9E-05
6E-05
6E-05
6E-05
6E-05
6,3E-05
6E-05
6E-05
8,5E-05
6,6E-05
6E-05
5,9E-05
6,1E-05
6,4E-05
6E-05
6,3E-05
6E-05
6,5E-05
6,1E-05
6,2E-05
6E-05
6E-05
6E-05
6,9E-05
6E-05
6E-05
6E-05
6E-05
6E-05
6E-05
5,9E-05
6E-05
5,9E-05
6,3E-05
5,9E-05
6E-05
6E-05
6E-05
6E-05
5,9E-05
6E-05
3,2E-05
5,9E-05
6E-05
6,3E-05
6E-05
6E-05
6E-05
6E-05
4,8E-05
6,5E-05
6,1E-05
6,2E-05
6E-05
6E-05
6,1E-05
6E-05
6E-05
5,9E-05
6,4E-05
6,4E-05
6E-05
5,9E-05
6E-05
6E-05
6E-05
5,9E-05
6,1E-05
5,9E-05
6E-05
5,9E-05
6E-05
5,9E-05
6E-05
5,9E-05
6E-05
6E-05
5,9E-05
6E-05
6E-05
5,9E-05
6E-05
6E-05
6E-05
3,1E-05
6E-05
6E-05
6,8E-05
6E-05
5,9E-05
7,5E-05
6,9E-05
6,1E-05
6,1E-05
6,1E-05
6E-05
6E-05
5,9E-05
6E-05
6E-05
6E-05
6,1E-05
6E-05
6,5E-05
6E-05
6E-05
5,9E-05
5,9E-05
3,1E-05
6E-05
5,9E-05
6E-05
6,3E-05
6E-05
6,2E-05
6E-05
6,1E-05
6E-05
6,2E-05
6E-05
6E-05
6E-05
5,9E-05
5,9E-05
6E-05
6E-05
6E-05
6E-05
6E-05
6E-05
0,000108
6,6E-05
6,4E-05
6E-05
6,7E-05
6,5E-05
6,9E-05
6,4E-05
6,4E-05
6,4E-05
6,4E-05
6,4E-05
6,7E-05
6,5E-05
5,9E-05
5,9E-05
6E-05
5,9E-05
6,4E-05
3,2E-05
3,1E-05
3E-05
3E-05
3E-05
3E-05
3E-05
3,1E-05
3E-05
3E-05
3E-05
3E-05
3E-05
3E-05
3E-05
3,2E-05
3E-05
3E-05
3E-05
3E-05
3,1E-05
3E-05
4,9E-05
3,9E-05
3,2E-05
3,1E-05
3,1E-05
3,2E-05
3,4E-05
3,3E-05
3E-05
3,1E-05
3,1E-05
3,1E-05
3E-05
3,6E-05
3,2E-05
3,2E-05
3,1E-05
3,4E-05
3,1E-05
3,1E-05
3,1E-05
3,4E-05
3,3E-05
3,2E-05
3,1E-05
3E-05
3,1E-05
3,1E-05
3E-05
3,1E-05
3,5E-05
3,1E-05
3,2E-05
3,1E-05
3,1E-05
3E-05
3,1E-05
3,1E-05
3,7E-05
3,2E-05
3,2E-05
4,5E-05
3,6E-05
3E-05
3E-05
3E-05
3,4E-05
3,3E-05
3,2E-05
3,1E-05
3E-05
3,1E-05
3,1E-05
3,9E-05
3E-05
3,3E-05
3,6E-05
3,1E-05
3,1E-05
3E-05
3,1E-05
3,1E-05
3E-05
3,3E-05
3,1E-05
3,2E-05
3,4E-05
3E-05
3,3E-05
3E-05
3E-05
3,2E-05
5E-05
5,2E-05
3,4E-05
3E-05
3E-05
3,1E-05
3E-05
3,2E-05
3,3E-05
3,6E-05
5,3E-05
3,5E-05
3,1E-05
3,1E-05
3,1E-05
3,3E-05
3,7E-05
3,2E-05
3,1E-05
3E-05
3E-05
3E-05
3E-05
3,6E-05
3E-05
3,1E-05
3,1E-05
3,1E-05
3,9E-05
3E-05
3E-05
3,4E-05
3,2E-05
3,1E-05
3,1E-05
3E-05
3,1E-05
3,1E-05
3,1E-05
3E-05
3,3E-05
3,1E-05
3,1E-05
3,1E-05
3,1E-05
3,1E-05
3,1E-05
3,1E-05
3,3E-05
3,1E-05
4,3E-05
4,2E-05
3,1E-05
3,1E-05
3E-05
3,9E-05
3,2E-05
3,1E-05
3,1E-05
3E-05
2,9E-05
3,1E-05
3,1E-05
2,9E-05
3,1E-05
3E-05
3,1E-05
3E-05
3,1E-05
3E-05
3E-05
3E-05
3,4E-05
3,1E-05
3E-05
3,2E-05
3,1E-05
3E-05
3E-05
3E-05
3,7E-05
3,2E-05
3,1E-05
3,1E-05
3,1E-05
3E-05
3E-05
3,1E-05
3,4E-05
3,2E-05
3E-05
4,8E-05
3,7E-05
3,2E-05
3,1E-05
3,1E-05
3,1E-05
3,3E-05
3,2E-05
3,1E-05
3,1E-05
3,1E-05
3E-05
3,4E-05
3E-05
3,2E-05
3,1E-05
3,1E-05
3E-05
3,3E-05
3,2E-05
3,1E-05
3E-05
3,3E-05
3,1E-05
3,1E-05
3E-05
3,1E-05
3,1E-05
3,1E-05
3E-05
3,3E-05
3,1E-05
3E-05
3,1E-05
3,1E-05
3,1E-05
3E-05
3,1E-05
3,4E-05
3,1E-05
3,1E-05
4,8E-05
3,8E-05
3,1E-05
3,1E-05
3,1E-05
3,4E-05
3,1E-05
3,1E-05
3,1E-05
3E-05
3,2E-05
3,2E-05
3,1E-05
3,5E-05
3,2E-05
3E-05
3,1E-05
3E-05
3,1E-05
3,1E-05
3,1E-05
3E-05
3,2E-05
3,2E-05
3,2E-05
3,1E-05
3E-05
3,1E-05
3,1E-05
3E-05
3,2E-05
3,2E-05
3E-05
3,1E-05
3,6E-05
3,1E-05
3,2E-05
3E-05
3,2E-05
3,1E-05
5E-05
4,1E-05
3,2E-05
3,2E-05
3E-05
3E-05
3,2E-05
3,2E-05
3E-05
3E-05
3E-05
3,1E-05
3,2E-05
3,1E-05
3,3E-05
3,2E-05
3,5E-05
3,1E-05
3E-05
3,1E-05
3,1E-05
3,1E-05
3,5E-05
4,7E-05
3,5E-05
3E-05
3,1E-05
3E-05
3,2E-05
2,1E-05
5,9E-05
