7,6E-05
0,001333
0,001361
0,001374
0,001349
0,001372
0,001347
0,001357
0,001333
0,001356
0,001356
0,001367
0,00142
0,001332
0,001352
0,001347
0,001349
0,001351
0,001342
0,001346
0,00136
0,001353
0,001349
0,001346
0,001337
0,001346
0,001384
0,00135
0,001347
0,001346
0,001313
0,001345
0,001349
0,001373
0,00137
0,001359
0,001336
0,001335
0,001359
0,001335
0,001357
0,001343
0,001351
0,001357
0,001356
0,001317
0,001339
0,001343
0,001388
0,001378
0,001344
0,001366
0,00138
0,001357
0,001353
0,001351
0,001425
0,00143
0,001379
0,00136
0,001367
0,001384
0,001352
0,00134
0,001363
0,001349
0,00137
0,001366
0,001377
0,001378
0,001372
0,001342
0,001346
0,001353
0,001352
0,001361
0,001405
0,001388
0,00139
0,001408
0,00143
0,001432
0,001421
0,001402
0,001351
0,001378
0,001373
0,001356
0,001335
0,001329
0,001343
0,001349
0,00135
0,001345
0,001341
0,0013
0,00133
0,001344
0,001338
0,001337
0,001354
0,001341
0,001345
0,001366
0,001365
0,001367
0,001381
0,001343
0,001362
0,001352
0,001378
0,001345
0,001335
0,001337
0,001371
0,001368
0,001347
0,001358
0,001436
0,001383
0,001347
0,001348
0,00136
0,001352
0,001352
0,001373
0,001387
0,001361
0,001345
0,001397
0,001361
0,001353
0,001373
0,001353
0,001336
0,001326
0,001331
0,001339
0,001321
0,001369
0,001361
0,001353
0,00139
0,001354
0,00137
0,001367
0,001367
0,001352
0,001366
0,001361
0,001382
0,001355
0,001352
0,001336
0,001331
0,001345
0,001348
0,00135
0,001365
0,001369
0,00135
0,001353
0,00138
0,0014
0,001372
0,001351
0,001398
0,001412
0,001449
0,001358
0,001343
0,001361
0,001351
0,001363
0,001363
0,001397
0,001384
0,001428
0,001381
0,001366
0,001435
0,001352
0,001355
0,001376
0,001351
0,001352
0,00137
0,001361
0,001367
0,00135
0,001347
0,001365
0,001358
0,001343
0,001345
0,001355
0,001385
0,00136
0,001383
0,001342
0,001354
0,001348
0,001362
0,001351
0,001354
0,001355
0,001311
0,001366
0,001352
0,001339
0,001358
0,001374
0,001384
0,001367
0,001384
0,001363
0,001366
0,001388
0,00137
0,001381
0,001372
0,001371
0,00136
0,001356
0,001374
0,001345
0,00135
0,00136
0,001373
0,00137
0,001353
0,001362
0,001423
0,001438
0,001433
0,001357
0,001353
0,001384
0,001403
0,001402
0,001344
0,001345
0,001343
0,001353
0,001395
0,001372
0,00138
0,00138
0,001367
0,001377
0,001331
0,001334
0,001362
0,00135
0,001342
0,001353
0,001355
0,001344
0,001336
0,001348
0,001367
0,00139
0,001357
0,001346
0,001348
0,001352
0,001349
0,001382
0,00134
0,001356
0,001361
0,001334
0,001333
0,001325
0,001345
0,001333
0,001327
0,001329
0,001368
0,001389
0,001333
0,001374
0,001384
0,00135
0,001356
0,001344
0,001357
0,001354
0,001354
0,001348
0,001358
0,001341
0,001379
0,001384
0,001384
0,001372
0,001378
0,001393
0,00137
0,001392
0,001375
0,001359
0,001373
0,001359
0,001356
0,001373
0,001355
0,001347
0,001349
0,001348
0,001368
0,001355
0,001356
0,001366
0,001361
0,001356
0,001331
0,001335
0,001384
0,001363
0,001375
0,001367
0,00138
0,00135
0,001372
0,001403
0,001374
0,001394
0,001387
0,001361
0,001339
0,001339
0,001388
0,001367
0,001341
0,001348
0,001353
0,001356
0,001348
0,00134
0,001348
0,001357
0,001371
0,001371
0,001376
0,001374
0,001356
0,001369
0,001365
0,001353
0,001359
0,001379
0,001353
0,00136
0,001354
0,001348
0,001328
0,001358
0,001345
0,00134
0,001366
0,001359
0,001346
0,001346
0,00135
0,001351
0,001359
0,00134
0,00134
0,001318
0,00134
0,001324
0,001328
0,001328
0,001369
0,001366
0,00137
0,001361
0,001367
0,001364
0,001363
0,001366
0,001381
0,001367
0,001391
0,001358
0,001373
0,00138
0,001376
0,001352
0,001356
0,001355
0,001358
0,001371
0,001372
0,001383
0,00136
0,001371
0,001358
0,001386
0,001371
0,00137
0,001355
0,001342
0,001354
0,001329
0,001324
0,001364
0,001382
0,001344
0,001343
0,001367
0,00137
0,001382
0,001347
0,001349
0,001381
0,001345
0,00137
0,001371
0,001354
0,001354
0,001352
0,001373
0,001357
0,001363
0,001348
0,001338
0,001368
0,001343
0,00135
0,001377
0,001351
0,001338
0,001322
0,001361
0,001329
0,001338
0,001322
0,001332
0,00137
0,001366
0,00135
0,001376
0,001401
0,001363
0,00137
0,001387
0,001408
0,001369
0,001363
0,001357
0,001372
0,001365
0,001363
0,001385
0,001342
0,001431
0,001361
0,001359
0,00136
0,001353
0,001372
0,001407
0,001363
0,00135
0,001378
0,00144
0,001398
0,001367
0,001368
0,001325
0,00135
0,001435
0,001419
0,001363
0,001381
0,001361
0,001357
0,001362
0,001374
0,001356
0,00136
0,001355
0,001358
0,001385
0,00136
0,001417
0,001436
0,001359
0,001356
0,00136
0,001359
0,001347
0,001355
0,001347
0,001354
0,00136
0,001357
0,001352
0,001356
0,001358
0,001329
0,001367
0,001367
0,00139
0,001373
0,001381
0,001372
0,001354
0,001378
0,001361
0,001338
0,001388
0,001364
0,001353
0,001399
0,001365
0,001354
0,001346
0,001374
0,001319
0,001318
0,001379
0,001366
0,001355
0,001328
0,001331
0,001319
0,001333
0,001344
0,001359
0,001339
0,001341
0,001315
0,00133
0,001317
0,001309
0,001379
0,001395
0,001399
0,001392
0,001442
0,00145
0,001377
0,001372
0,001361
0,001379
0,001354
0,001414
0,001416
0,001356
0,001349
0,001364
0,001352
0,001356
0,001367
0,001356
0,001408
0,001364
0,001425
0,001431
0,001352
0,00135
0,001351
0,001363
0,001375
0,001381
0,001351
0,001368
0,001325
0,001334
0,001335
0,001336
0,001448
0,001371
0,001358
0,001364
0,001375
0,001372
0,001383
0,001348
0,00137
0,001381
0,001369
0,001385
0,001373
0,001367
0,001382
0,001398
0,001427
0,001364
0,001369
0,001362
0,001384
0,001363
0,001355
0,001356
0,001356
0,001434
0,00139
0,001364
0,001386
0,001377
0,001368
0,001364
0,001391
0,001408
0,001363
0,001359
0,00137
0,001358
0,001377
0,001369
0,001357
0,001375
0,001359
0,001351
0,001364
0,001372
0,001386
0,001383
0,001362
0,001386
0,001384
0,001358
0,001357
0,001373
0,001364
0,001364
0,001364
0,001415
0,001366
0,001414
0,001432
0,001374
0,001351
0,001347
0,001331
0,001382
0,001431
0,001368
0,001349
0,00136
0,001356
0,001363
0,001348
0,001365
0,001394
0,001337
0,001358
0,001341
0,00135
0,001349
0,001356
0,001362
0,001379
0,001347
0,001439
0,001377
0,001356
0,001368
0,001355
0,001382
0,00139
0,001365
0,001341
0,001351
0,001381
0,001376
0,001373
0,001368
0,001431
0,001412
0,001353
0,001349
0,001345
0,001353
0,001346
0,001336
0,001387
0,001367
0,001359
0,001369
0,001365
0,001339
0,00135
0,001407
0,001456
0,001351
0,001383
0,001363
0,001411
0,001432
0,001447
0,00135
0,001353
0,001432
0,001376
0,001363
0,001378
0,001383
0,001358
0,001356
0,00137
0,001388
0,001381
0,001389
0,001357
0,001386
0,001367
0,001372
0,00138
0,001364
0,001344
0,00135
0,001389
0,001408
0,001367
0,00136
0,001355
0,001395
0,001389
0,001346
0,001348
0,001348
0,001404
0,001397
0,00137
0,001384
0,001353
0,001409
0,001371
0,001364
0,001386
0,001367
0,001391
0,001386
0,00137
0,001364
0,001389
0,001414
0,001467
0,0014
0,001354
0,001411
0,001458
0,001344
0,001389
0,001366
0,001367
0,00137
0,00137
0,001377
0,001357
0,001377
0,001366
0,001348
0,001352
0,001348
0,001374
0,001371
0,001431
0,001437
0,001363
0,001385
0,001323
0,001355
0,001368
0,001359
0,001361
0,001351
0,00137
0,001382
0,001369
0,001425
0,001362
0,00134
0,001376
0,001359
0,001362
0,001365
0,001352
0,001351
0,001326
0,00134
0,001342
0,001356
0,001386
0,001351
0,001366
0,00136
0,001351
0,001355
0,001352
0,001349
0,001348
0,001357
0,001401
0,00137
0,001376
0,00138
0,001377
0,001385
0,001358
0,00135
0,00137
0,001355
0,001352
0,001351
0,001353
0,001371
0,00133
0,001377
0,001371
0,001353
0,001369
0,001351
0,001346
0,001342
0,001355
0,001359
0,001352
0,001343
0,001353
0,001335
0,001346
0,001336
0,001349
0,00135
0,001371
0,001384
0,001375
0,001366
0,001362
0,001375
0,001378
0,001361
0,001358
0,001365
0,001362
0,001345
0,001372
0,00135
0,001355
0,001338
0,00136
0,001357
0,001347
0,001351
0,001341
0,001359
0,00135
0,001352
0,001349
0,001381
0,001365
0,001371
0,001363
0,001357
0,00136
0,001385
0,001358
0,001375
0,001384
0,001363
0,001376
0,001375
0,00145
0,001371
0,001349
0,00135
0,001351
0,001373
0,001374
0,001363
0,001372
0,001438
0,001433
0,001432
0,001393
0,001369
0,001357
0,001377
0,001388
0,001357
0,001357
0,001372
0,001454
0,00143
0,001374
0,001374
0,001403
0,001365
0,001362
0,001356
0,001368
0,001427
0,001451
0,001388
0,001409
0,001354
0,001365
0,001367
0,001349
0,001359
0,001362
0,001357
0,001371
0,001362
0,001353
0,001362
0,001412
0,001395
0,001392
0,001367
0,001392
0,001403
0,001346
0,001346
0,001352
0,001352
0,001348
0,001344
0,001394
0,001355
0,001358
0,001434
0,001452
0,001427
0,001357
0,001371
0,001385
0,001421
0,001357
0,001362
0,00136
0,001362
0,001368
0,001355
0,001371
0,001375
0,001337
0,001345
0,001346
0,001341
0,001349
0,001356
0,00136
0,001362
0,001342
0,001323
0,001323
0,001323
0,001358
0,001347
0,001349
0,001349
0,001351
0,001369
0,001369
0,001376
0,001365
0,001388
0,001381
0,00139
0,001406
0,001367
0,001356
0,001363
0,001361
0,001387
0,001363
0,001374
0,001421
0,001368
0,001447
0,001424
0,001372
0,001363
0,001364
0,001379
0,001376
0,001363
0,001365
0,001381
7,3E-05
7,4E-05
0,001313
0,001364
0,001336
0,001314
0,001329
0,001343
0,001372
0,001367
0,001341
0,001369
0,001343
0,001332
0,001362
0,001333
0,001321
0,001344
0,001332
0,001336
0,001328
0,00133
0,001333
0,001324
0,001323
0,001328
0,001357
0,0014
0,00141
0,001417
0,001412
0,00139
0,001429
0,00141
0,001415
0,001352
0,001396
0,001392
0,001361
0,001366
0,001345
0,001373
0,001352
0,001341
0,001362
0,001361
0,001331
0,001333
0,001324
0,001342
0,001341
0,001363
0,001418
0,00143
0,001417
0,001413
0,001444
0,001348
0,001369
0,001351
0,001357
0,001378
0,00136
0,00137
0,00137
0,001353
0,001357
0,001351
0,001341
0,001347
0,001348
0,00135
0,00136
0,001344
0,001346
0,001362
0,001352
0,001348
0,001349
0,001372
0,001404
0,001423
0,00145
0,001411
0,001348
0,001366
0,001359
0,001359
0,001359
0,001368
0,001364
0,001384
0,001376
0,001377
0,001433
0,001396
0,001366
0,001383
0,00141
0,001356
0,001352
0,001392
0,00138
0,001347
0,001364
0,001355
0,001364
0,001347
0,001331
0,001339
0,001333
0,001347
0,001364
0,001439
0,001378
0,001372
0,001358
0,001337
0,001336
0,001326
0,001325
0,001352
0,001342
0,001358
0,00136
0,001377
0,001371
0,001391
0,001368
0,001367
0,001411
0,001351
0,001362
0,001352
0,001361
0,00136
0,001357
0,001371
0,001416
0,00135
0,00137
0,001383
0,001363
0,00137
0,001331
0,001364
0,001342
0,00142
0,001426
0,001373
0,001415
0,001453
0,001348
0,001349
0,001355
0,001372
0,001363
0,001346
0,001356
0,001366
0,001352
0,001361
0,001391
0,00137
0,001404
0,001387
0,001368
0,001369
0,00137
0,001364
0,001423
0,001432
0,001378
0,001358
0,001375
0,001384
0,001356
0,001356
0,001364
0,0014
0,001366
0,001363
0,001358
0,001378
0,001359
0,00133
0,001357
0,001337
0,001329
0,001331
0,001333
0,001329
0,001337
0,001337
0,001381
0,001333
0,001341
0,001364
0,001376
0,001329
0,001325
0,001331
0,001325
0,00137
0,001362
0,001368
0,001352
0,001348
0,001378
0,001396
0,001374
0,001392
0,001385
0,001388
0,001368
0,001373
0,00138
0,001348
0,001384
0,001402
0,0014
0,001378
0,001387
0,001389
0,001372
0,001359
0,001358
0,00138
0,001376
0,001358
0,001391
0,001369
0,001374
0,001416
0,001448
0,001442
0,001361
0,001356
0,001336
0,001329
0,001344
0,001349
0,001369
0,001367
0,001365
0,001357
0,001366
0,001354
0,001366
0,001356
0,00136
0,001354
0,001365
0,001371
0,001428
0,00143
0,00139
0,001416
0,001363
0,001367
0,001356
0,001353
0,001371
0,00137
0,001386
0,001396
0,001426
0,001386
0,001386
0,001351
0,001405
0,00135
0,001371
0,001367
0,001376
0,001353
0,001378
0,001416
0,001363
0,001358
0,001363
0,001367
0,001432
0,001402
0,001348
0,001378
0,001351
0,001451
0,001361
0,001366
0,001337
0,001357
0,001425
0,001376
0,00136
0,00136
0,001428
0,001425
0,001372
0,001352
0,001364
0,001421
0,001363
0,001382
0,001369
0,001353
0,00135
0,001369
0,00136
0,001367
0,001372
0,001377
0,001383
0,00139
0,001377
0,001387
0,001353
0,001352
0,001344
0,001364
0,001356
0,001358
0,001351
0,001331
0,001369
0,001388
0,001382
0,001371
0,001369
0,001362
0,001363
0,001356
0,001355
0,001374
0,001354
0,001375
0,00139
0,001402
0,001382
0,001352
0,001377
0,001362
0,001373
0,001376
0,001365
0,001391
0,001398
0,001393
0,001444
0,001371
0,00141
0,001397
0,001374
0,001363
0,001364
0,001362
0,001364
0,001374
0,001352
0,001347
0,001338
0,001349
0,001342
0,001342
0,001366
0,001398
0,001404
0,001378
0,00138
0,00138
0,001432
0,001447
0,001361
0,001362
0,001366
0,001448
0,001456
0,0014
0,001372
0,001462
0,001431
0,00144
0,00141
0,001372
0,001382
0,001401
0,001385
0,001359
0,00135
0,001387
0,001444
0,00143
0,001434
0,001379
0,001401
0,001378
0,001358
0,001367
0,001365
0,001395
0,001401
0,001388
0,00139
0,001369
0,001373
0,001375
0,001363
0,001351
0,001356
0,001402
0,00138
0,001378
0,001381
0,001379
0,001417
0,001421
0,001432
0,001361
0,001352
0,001403
0,001346
0,00135
0,001426
0,001441
0,001377
0,001359
0,001362
0,001384
0,001381
0,00135
0,00135
0,001449
0,001452
0,001372
0,001389
0,001388
0,001354
0,001353
0,001383
0,001431
0,001427
0,001377
0,001358
0,00137
0,001383
0,001352
0,001351
0,001382
0,001428
0,001367
0,001368
0,001353
0,001429
0,001413
0,001368
0,00137
0,001368
0,001349
0,001402
0,00138
0,00137
0,00139
0,001393
0,001432
0,001412
0,001366
0,001348
0,001363
0,001439
0,001403
0,001378
0,001355
0,001416
0,001439
0,001449
0,00144
0,001436
0,001398
0,001389
0,001405
0,001367
0,001382
0,001387
0,001368
0,00136
0,001357
0,001335
0,001349
0,001376
0,001365
0,00137
0,001357
0,001361
0,001354
0,001347
0,001356
0,001351
0,001359
0,001365
0,001348
0,001343
0,001346
0,001344
0,001344
0,001356
0,001349
0,001348
0,001348
0,001361
0,001351
0,00134
0,001346
0,00133
0,001354
0,001368
0,001351
0,001339
0,001436
0,001347
0,001335
0,001366
0,001351
0,001361
0,001386
0,001378
0,001393
0,001368
0,001373
0,001375
0,001344
0,001365
0,001355
0,00136
0,00135
0,00135
0,001361
0,001406
0,001433
0,001365
0,001375
0,001353
0,00139
0,001362
0,001351
0,001346
0,001336
0,001341
0,001338
0,001335
0,001337
0,001359
0,001372
0,001356
0,001359
0,001356
0,001328
0,001331
0,001358
0,001366
0,001357
0,001368
0,001352
0,001361
0,001347
0,001349
0,001353
0,001414
0,001328
0,001356
0,001342
0,00138
0,001413
0,001433
0,001362
0,001395
0,001372
0,001362
0,00136
0,001376
0,001356
0,001377
0,00138
0,001383
0,001346
0,001356
0,001387
0,001397
0,001358
0,001357
0,001364
0,001457
0,001386
0,001354
0,001366
0,00134
0,001369
0,00141
0,001361
0,001356
0,001366
0,001358
0,001354
0,001373
0,001359
0,001379
0,001372
0,001354
0,001373
0,001378
0,001362
0,001371
0,001395
0,001377
0,001395
0,001415
0,001345
0,001362
0,001341
0,001351
0,001371
0,001359
0,001343
0,001368
0,00136
0,001382
0,001367
0,001363
0,001374
0,001375
0,001374
0,001385
0,001408
0,00135
0,001336
0,00134
0,001366
0,001373
0,001374
0,001359
0,001365
0,001376
0,001351
0,001357
0,001378
0,001379
0,001363
0,001365
0,001374
0,001369
0,001327
0,001357
0,001335
0,001347
0,001377
0,001367
0,001357
0,001368
0,001372
0,001386
0,001344
0,001339
0,001335
0,001352
0,001366
0,001405
0,001383
0,001363
0,001399
0,001417
0,00145
0,001392
0,001369
0,001383
0,001434
0,001366
0,001347
0,00137
0,00136
0,001379
0,001381
0,001362
0,001355
0,001344
0,00136
0,001351
0,001361
0,001353
0,001376
0,001431
0,001436
0,001368
0,001363
0,001369
0,001367
0,001369
0,001372
0,00138
0,001355
0,001342
0,001366
0,001362
0,001359
0,001371
0,001389
0,001446
0,001369
0,001358
0,001342
0,00134
0,001341
0,001351
0,001362
0,001329
0,001353
0,001396
0,001431
0,001374
0,001383
0,00138
0,001383
0,001363
0,001368
0,001373
0,001364
0,001386
0,001376
0,001363
0,001369
0,001372
0,001343
0,001388
0,001404
0,001398
0,001369
0,001349
0,001373
0,00135
0,001456
0,001401
0,001442
0,001392
0,00137
0,001412
0,001391
0,001345
0,001392
0,001447
0,001374
0,001452
0,001449
0,001399
0,001381
0,00138
0,001379
0,001351
0,001353
0,001386
0,001436
0,001364
0,001361
0,001354
0,001401
0,001374
0,00136
0,001356
0,001337
0,001356
0,001326
0,001323
0,001392
0,001426
0,001393
0,001353
0,001372
0,001374
0,001356
0,001376
0,001366
0,001364
0,001358
0,001362
0,001386
0,001382
0,00137
0,001354
0,001366
0,001382
0,001362
0,001371
0,00141
0,001367
0,001381
0,001362
0,001366
0,001389
0,00138
0,001361
0,00137
0,001373
0,001363
0,001367
0,00136
0,001402
0,001361
0,001339
0,001379
0,001381
0,00137
0,001362
0,001379
0,001362
0,00135
0,001326
0,001336
0,001389
0,001376
0,001352
0,001355
0,001369
0,00137
0,00139
0,001367
0,001358
0,001359
0,001358
0,001385
0,001353
0,001358
0,001362
0,001364
0,001375
0,001384
0,001348
0,001407
0,001438
0,001369
0,001355
0,00136
0,001354
0,00139
0,001431
0,00144
0,001446
0,001425
0,001379
0,00135
0,001355
0,00135
0,001362
0,001377
0,001368
0,001404
0,00135
0,00137
0,001351
0,001377
0,001376
0,001351
0,001365
0,001374
0,001376
0,001369
0,001357
0,001352
0,001385
0,001425
0,001393
0,001371
0,001352
0,001374
0,00138
0,001351
0,001359
0,001373
0,001374
0,001379
0,001361
0,001359
0,00136
0,001359
0,001368
0,001367
0,001405
0,001337
0,001359
0,001356
0,001368
0,001368
0,001387
0,001363
0,00136
0,001358
0,001389
0,001363
0,001326
0,001343
0,001425
0,001416
0,001365
0,001359
0,001348
0,001362
0,00136
0,001352
0,001392
0,001357
0,001352
0,001361
0,001362
0,001355
0,001346
0,001336
0,001373
0,001381
0,001376
0,001366
0,001414
0,001428
0,00144
0,001367
0,001363
0,001356
0,001353
0,001335
0,00136
0,00134
0,001342
0,001328
0,001336
0,001355
0,001368
0,0014
0,001413
0,001355
0,001386
0,001361
0,001363
0,001379
0,001351
0,001349
0,001367
0,001424
0,001435
0,001371
0,001369
0,001369
0,001369
0,001372
0,001394
0,001348
0,001355
0,001348
0,001372
0,001351
0,001356
0,001369
0,001373
0,001397
0,001357
0,001373
0,001392
0,001408
0,001374
0,001361
0,001365
0,001449
0,001374
0,001385
0,001365
0,001363
0,001362
0,001379
0,001377
0,001434
0,001371
0,001355
0,001389
0,001385
0,001384
0,001382
0,00137
0,0014
0,001368
0,001358
0,001373
0,001367
0,001372
7,4E-05
0,001364
